0.414964337659	0.843352847602	
0.574891332231	0.395546849847	
0.66255179347	0.635605024041	
0.954137184278	0.725050284721	
0.536054268578	0.351175220881	
0.497741160885	0.859410617671	
0.226095891977	0.303667001039	
0.594865244879	0.158008034269	
0.555633572325	0.332732939755	
0.909819856806	0.294920584282	
0.112653735103	0.801654486808	
0.81355647481	0.259953015184	
0.260520835585	0.0628540912225	
0.299216990491	0.551419399938	
0.831750951422	0.225936097691	
0.587838789362	0.360861897079	
0.0371230375852	0.543847698759	
0.889216006668	0.943064480413	
0.812650235626	0.765712329665	
0.140956726978	0.172971580663	
0.840485007352	0.227673603327	
0.620576012668	0.959874737719	
0.41359903992	0.947542342778	
0.411733336391	0.0714020643059	
0.553033924884	0.360424510923	
0.654153532659	0.604599553689	
0.281870285718	0.234159978385	
0.342010346292	0.377947764524	
0.722898343527	0.76687284555	
0.112413218089	0.913032645837	
0.599905348358	0.307397674307	
0.903805424674	0.0922010798024	
0.375188395854	0.269039984879	
0.469729349806	0.119106448939	
0.178929144345	0.234263317855	
0.699124451709	0.359480234457	
0.0202371435793	0.789215145049	
0.629742922845	0.764273260165	
0.0169542101708	0.770586506411	
0.387653590994	0.523796321599	
0.609704557728	0.958154288977	
0.900569453298	0.68233760076	
0.608370568718	0.106775779867	
0.999287070997	0.95764125664	
0.0198902412379	0.0862621880514	
0.484799599206	0.583925019116	
0.457628338102	0.794042454706	
0.769227692125	0.223864816606	
0.819149903575	0.639459642184	
0.0376214406521	0.457543524055	
0.315398315522	0.325878338255	
0.381155325741	0.0624080092717	
0.52494767728	0.778775231234	
0.117584548039	0.770668733471	
0.410232140572	0.0926061144024	
0.506582616422	0.0019737975454	
0.904252196653	0.85621397065	
0.439959542141	0.271701042269	
0.370085851836	0.23788772895	
0.096238623734	0.631415240546	
0.557257045426	0.89297922371	
0.58457550535	0.0429524510517	
0.311911126644	0.65064451136	
0.989649086651	0.569187295626	
0.899302353444	0.737679527022	
0.313880665406	0.683407099649	
0.552949896156	0.249808276969	
0.790873443963	0.415887519294	
0.834878672115	0.259505692657	
0.209735493461	0.667014137249	
0.473299207695	0.389543197734	
0.207436584019	0.598899496672	
0.36413950459	0.972087625372	
0.12502318964	0.726110319541	
0.484467002519	0.0271108614158	
0.434817391236	0.836589110206	
0.284011402125	0.0350580064621	
0.865375946012	0.0787425488093	
0.759158189111	0.911036007792	
0.145810840904	0.933766641615	
0.0980471844839	0.139342263137	
0.299672796057	0.856560283267	
0.278718037586	0.0896818253086	
0.660085703907	0.779965276558	
0.399699503645	0.310116341576	
0.718079004425	0.24907155025	
0.119325978868	0.972796182507	
0.760733756964	0.797502265981	
0.873362841706	0.899830753843	
0.38515958824	0.604486879696	
0.703843213379	0.887269496351	
0.446673539951	0.588197070784	
0.767522661537	0.193343239782	
0.973595822364	0.840492523962	
0.937573684047	0.516762454779	
0.900235928622	0.866715770358	
0.614973215401	0.879327239736	
0.509399345134	0.417113228585	
0.449522220285	0.0637404104664	
0.820960426552	0.898260397587	
0.996715821584	0.071797686504	
0.331668095568	0.384689234597	
0.20105704816	0.702414253371	
0.366227272169	0.152584678776	
0.451587793013	0.98218947556	
0.939258506076	0.154629737295	
0.0242859725136	0.550099657349	
0.584089936517	0.0673013843204	
0.676473045227	0.329745892228	
0.838158465075	0.286049858635	
0.0561978638764	0.822222515223	
0.502143306241	0.669364665229	
0.534749412379	0.210589774597	
0.970563642451	0.770260138484	
0.705686269908	0.530642291775	
0.305819698856	0.116621500202	
0.8225121646	0.60016993258	
0.610645394123	0.861433196291	
0.597346572378	0.360365074092	
0.948192640503	0.943803449547	
0.599228791236	0.635795435438	
0.127832120196	0.513984978294	
0.484911377203	0.842718798139	
0.130974480165	0.422469647633	
0.425981857178	0.544621251557	
0.79194235703	0.539281719043	
0.519601249581	0.731519354368	
0.562171466149	0.928780960439	
0.241579801514	0.503354826643	
0.178413716063	0.596872467586	
0.14636827729	0.436460329009	
0.977949792423	0.274498879862	
0.851118504105	0.690514269943	
0.912444515386	0.830953332362	
0.846490892945	0.498265054053	
0.744121576751	0.988386516694	
0.314768717709	0.839543922892	
0.508807820282	0.186965334702	
0.983532072057	0.737576206897	
0.930973535536	0.899774237615	
0.837369605575	0.076551446152	
0.42191375566	0.513239325386	
0.0563290007265	0.600763391599	
0.122741564406	0.133112802294	
0.370927838641	0.335962572828	
0.49433995102	0.313066620795	
0.00606068621265	0.456466848996	
0.106656557883	0.868102020481	
0.431562681659	0.587850424625	
0.567267472032	0.917700902882	
0.682086358428	0.744664205655	
0.141448910329	0.995282935376	
0.973461179808	0.226229755546	
0.0962233218528	0.455409015685	
0.624552505751	0.157846238842	
0.324514916358	0.930843891843	
0.667759557163	0.146715199614	
0.573005949706	0.114639823448	
0.792715437668	0.549294578877	
0.617029011056	0.259329795217	
0.17847433391	0.569723690087	
0.871659171522	0.217097908715	
0.708296237522	0.0372385417612	
0.781220888569	0.267624388466	
0.294129782074	0.0306646926662	
0.152478260103	0.70280967324	
0.123251452637	0.668010233913	
0.0822997335979	0.133722848451	
0.84043927616	0.74865365522	
0.787417062718	0.262965497762	
0.847863079148	0.299772263351	
0.957936890259	0.803903344062	
0.880716675648	0.598510399572	
0.11327494637	0.520198259077	
0.319543028706	0.80434084377	
0.770151732349	0.758002826739	
0.724798292413	0.0333594496046	
0.276865311929	0.713023504326	
0.81358379786	0.652407318581	
0.562296097325	0.970764611075	
0.473421450756	0.748943242007	
0.807517885009	0.00696406894913	
0.802106710531	0.785373053086	
0.65879570216	0.956143656923	
0.341040654004	0.467061367558	
0.136184222234	0.894446970059	
0.956165933786	0.115738507188	
0.27503608873	0.422880061679	
0.697742982249	0.571797778213	
0.77229358399	0.139620093279	
0.713555360638	0.825465732022	
0.354958295134	0.262094720534	
0.127507240475	0.913405908333	
0.475592815101	0.693996664618	
0.298508011451	0.506735405509	
0.810377010698	0.46806666823	
0.801676137093	0.566468058559	
0.411477599166	0.428472387301	
0.88652295105	0.907353459131	
0.266823953856	0.187748390466	
0.932599006735	0.606922135018	
0.245333957523	0.0447863065641	
0.382244430112	0.453728691096	
0.657595140376	0.610482777425	
0.299211654842	0.735620939837	
0.531175612431	0.155769609531	
0.970333470468	0.993475061077	
0.68287606984	0.406966032887	
0.537232646457	0.0768172137814	
0.615795447536	0.308285104971	
0.734954553035	0.533267393106	
0.0382982528408	0.43114832716	
0.250719045319	0.58587225316	
0.0221325327298	0.169065635725	
0.114081520433	0.815978338933	
0.295365816809	0.113788263587	
0.189592656902	0.251291406477	
0.34272571534	0.561548103522	
0.440494747619	0.272467259098	
0.565504286236	0.900707838772	
0.0305036682847	0.235811895389	
0.129364879814	0.926287765251	
0.835974529969	0.308164580006	
0.49342970094	0.387813410957	
0.582964057687	0.499794999721	
0.60340780625	0.194229754135	
0.0883359304087	0.419937951299	
0.602031353733	0.579744129038	
0.547822793717	0.105236214942	
0.656274657711	0.477233765202	
0.244087414602	0.709433814466	
0.797551635996	0.0577781669149	
0.567682846725	0.906252935531	
0.393288650795	0.608997185485	
0.467864285635	0.452814316733	
0.182931363725	0.560670738578	
0.356528208548	0.795464934886	
0.174122386434	0.722089630339	
0.221781536888	0.0622396481071	
0.137818189005	0.845078555355	
0.432824884012	0.467107800464	
0.779293978342	0.912189030784	
0.255812036766	0.320050988201	
0.214965678401	0.536592865077	
0.560600189471	0.476498899857	
0.170118023377	0.606283780825	
0.867545959806	0.478902829454	
0.640823354901	0.0661974215748	
0.238051375909	0.93828665058	
0.32544404005	0.538338299422	
0.269325178129	0.769071894308	
0.741158581182	0.750513328382	
0.209562369638	0.38864158278	
0.0494866723745	0.789243694617	
0.755383244352	0.730040348328	
0.750645685207	0.127351824318	
0.0231357270094	0.450339821514	
0.624807750215	0.644689762178	
0.129253999098	0.940467718577	
0.0584567031228	0.044496053114	
0.407523577836	0.283179694531	
0.857678077333	0.490087376367	
0.670995811416	0.45046323012	
0.608461506612	0.546100504606	
0.160086861184	0.771525759194	
0.105859763969	0.0545503353113	
0.474554228479	0.126401184483	
0.162034877715	0.267934644097	
0.761447502012	0.0744794630761	
0.714870959377	0.185933854856	
0.47194766806	0.0308060232812	
0.603422617274	0.566318082619	
0.894782840415	0.894629574465	
0.788353593249	0.565695328279	
0.0207063557125	0.718253063621	
0.799205263045	0.872894291339	
0.272334515602	0.336951269874	
0.273046942971	0.799011427392	
0.175020314926	0.00499375001012	
0.0582112678314	0.613654275794	
0.814344191626	0.707007775903	
0.115636230184	0.19600325211	
0.769610923604	0.768113355123	
0.196313163629	0.951088305092	
0.295668939746	0.260358418956	
0.933675078783	0.864132012374	
0.0719766079838	0.732644918677	
0.512210530942	0.497656443404	
0.807778921082	0.396586764	
0.42666439084	0.231648554414	
0.000832827120869	0.0613874656964	
0.924227680587	0.24545888817	
0.908328208921	0.12689879182	
0.726380044309	0.950842169209	
0.220812490183	0.553384201614	
0.135671658852	0.251724387811	
0.0382556939222	0.538279638884	
0.948847718001	0.954573149108	
0.754023894696	0.241993920377	
0.847742522185	0.544692972446	
0.627958874345	0.887935022439	
0.39770235066	0.0412372131425	
0.782127105376	0.373866076621	
0.882313588368	0.798647924344	
0.411224066876	0.821297703288	
0.447023516739	0.914354133315	
0.945970614661	0.396984045176	
0.0206081210482	0.148241139205	
0.453423753819	0.374024738559	
0.192027818113	0.067717133179	
0.553611691216	0.127170013291	
0.670846650512	0.757381311601	
0.555111080841	0.0305446942569	
0.781647118381	0.516662738858	
0.704858795358	0.166167319107	
0.959678234487	0.951607109324	
0.542904523716	0.47496857807	
0.836435382634	0.555024461221	
0.718247923433	0.585961593466	
0.735855693248	0.467651746162	
0.498731906176	0.159509734957	
0.526469846446	0.932071797196	
0.0238713536997	0.551621598385	
0.853133042001	0.364216836467	
0.92894396514	0.116989305206	
0.556990622049	0.800560017832	
0.52187041977	0.639340422058	
0.0416212362755	0.908240254266	
0.968980751287	0.304537768457	
0.115547078099	0.420897184416	
0.969638663631	0.852706732653	
0.191143697369	0.974342827761	
0.368083406217	0.10493799231	
0.777959001325	0.678213125261	
0.386331304931	0.309239022534	
0.337577804454	0.497656719565	
0.07788073224	0.277887793451	
0.298121491932	0.928611996763	
0.013702594183	0.245690408552	
0.936546345437	0.558796302508	
0.00111026511027	0.797490744027	
0.241154130784	0.388371599484	
0.341524165099	0.371343307634	
0.566584636888	0.265181860102	
0.705347498555	0.350449670158	
0.815176314183	0.599128075108	
0.628159237936	0.859142271721	
0.980330120008	0.107707088418	
0.935559716979	0.44978526795	
0.510271188651	0.537219521132	
0.856724112246	0.046788296474	
0.428068475993	0.440704899555	
0.227541005737	0.834932563285	
0.816768352299	0.870546620848	
0.381939732828	0.478188247239	
0.901270222412	0.112775604867	
0.512358917141	0.614156774375	
0.849225863338	0.280936649532	
0.444769231658	0.882398899571	
0.860912092597	0.847649700466	
0.167863305749	0.336047342958	
0.450696553416	0.0715107532447	
0.246170028873	0.25429567514	
0.341741155611	0.999398062325	
0.538411372836	0.151523671143	
0.957423439618	0.427254995274	
0.166091895446	0.359552341689	
0.127597354346	0.88658343767	
0.297120253454	0.372886803085	
0.613192992356	0.940931594175	
0.667317174156	0.263049082622	
0.0148807287695	0.514305691809	
0.875814549451	0.316042392473	
0.163422272655	0.0194666621476	
0.47834522744	0.00742632670608	
0.722364982002	0.714623858794	
0.576186821819	0.89308358164	
0.258713160765	0.515384858718	
0.678286287841	0.192836152435	
0.257664030526	0.316732632736	
0.46283120948	0.906579022169	
0.213690294658	0.946140624459	
0.661041574937	0.0796647627545	
0.325905446218	0.252880745995	
0.079416128083	0.213394036396	
0.863533509264	0.158398126049	
0.278131023695	0.0995469009799	
0.960072195731	0.742388763497	
0.919129293785	0.398283969871	
0.885015802898	0.969863469867	
0.660215332567	0.320205584035	
0.256972070925	0.378186400257	
0.263767153643	0.532657684021	
0.68417854655	0.837233777047	
0.75929912395	0.411362890012	
0.8119513318	0.111969218992	
0.0673927517905	0.100268777744	
0.652959254058	0.666991066908	
0.222124728038	0.667639582803	
0.677243165371	0.540592367452	
0.528362756987	0.569712927888	
0.867675307652	0.652828366697	
0.321506095121	0.148076209508	
0.0664874095404	0.882525406832	
0.702155184979	0.76407377284	
0.249686750947	0.995632132714	
0.942761859831	0.293973784982	
0.539651058519	0.684473554338	
0.39241108082	0.827567511646	
0.0467102770268	0.755704226275	
0.685086973636	0.919359902589	
0.328263360302	0.255477997828	
0.418966550905	0.284561932964	
0.833189148315	0.863676020311	
0.36003036429	0.581866211885	
0.797927718604	0.607364667432	
0.521502745476	0.608707853316	
0.0993879514632	0.127190782633	
0.610933712649	0.818685222649	
0.993390699778	0.0410749748071	
0.603488825969	0.513363461423	
0.911558199247	0.111377106025	
0.675985645279	0.887140758363	
0.412171295398	0.771914827403	
0.520017786155	0.37776718102	
0.118589408499	0.965464443119	
0.299659687748	0.863802004308	
0.0880810378176	0.757559149624	
0.425877160591	0.220336558795	
0.200160942867	0.237387052021	
0.454825044567	0.494293705345	
0.277499554862	0.928943803336	
0.439631358255	0.868446378335	
0.947600939882	0.741486096578	
0.234143107019	0.389302880742	
0.125390246317	0.906211748331	
0.325469494261	0.833626500493	
0.0444297401885	0.641332684215	
0.103340007173	0.571495370958	
0.966104294054	0.819280018414	
0.531563515618	0.897536947366	
0.765465612339	0.262345991298	
0.924219863562	0.448014799918	
0.330281132708	0.834134413741	
0.32747934119	0.177479577422	
0.254056449734	0.0536246466088	
0.487354907246	0.790222511296	
0.120132653584	0.285134652111	
0.800212252934	0.714857081558	
0.866812371274	0.37629221597	
0.292620902128	0.056420808172	
0.23140736019	0.442259114942	
0.408759324414	0.731031273197	
0.551949739982	0.773937139582	
0.812383078173	0.285605855037	
0.790136480171	0.00215483414256	
0.293000021338	0.267133261666	
0.924783462963	0.029186629779	
0.774581328726	0.720483515337	
0.961712680277	0.0205774477269	
0.0119116684887	0.648402121284	
0.213179202209	0.410499020626	
0.118565650042	0.737345959936	
0.0974497002624	0.9704847858	
0.2415459705	0.698197314107	
0.726092770282	0.165096073664	
0.27948515711	0.0662962100077	
0.407475212661	0.377323284033	
0.751580836814	0.832235319906	
0.63090772623	0.365145056608	
0.0324429702336	0.193249888779	
0.728258771738	0.727924285339	
0.0185442807927	0.942839724498	
0.462832671071	0.0220785070164	
0.599800151614	0.906112483226	
0.223786754027	0.720646171373	
0.720645966409	0.59996545584	
0.915407926013	0.165142399095	
0.586613009784	0.531718361534	
0.85926514594	0.683944803798	
0.337193989042	0.367916973758	
0.342032750849	0.411795966317	
0.762929722206	0.858817625119	
0.311683001813	0.571702174813	
0.0123147487415	0.286697340274	
0.572047346464	0.85120114496	
0.382609933123	0.593002601774	
0.930980187547	0.660413317543	
0.393090936018	0.954762187528	
0.899155679418	0.50394827658	
0.948564454665	0.0326918453284	
0.956787018789	0.111638901831	
0.312065759949	0.328513101871	
0.153482468625	0.433981269055	
0.180617233286	0.772669418842	
0.0307791021829	0.917581439703	
0.568852168231	0.583811554377	
0.205946737256	0.61070351561	
0.64558460054	0.436440499751	
0.72655416705	0.191844361597	
0.519069441312	0.153128576425	
0.551234153196	0.566065641169	
0.685279860789	0.489090551362	
0.947285570925	0.136163930802	
0.121163018708	0.205298162763	
0.913310400474	0.852758586929	
0.0701069965803	0.831588071385	
0.562551307825	0.267613728595	
0.547744892873	0.0298086032937	
0.560000954656	0.722013279097	
0.0569063042138	0.0912168193312	
0.727374719377	0.0825825021706	
0.877126933904	0.900797071318	
0.97371220981	0.00326213310044	
0.671670206533	0.0716683750029	
0.941979591699	0.835403125005	
0.719814359974	0.200861360266	
0.409830121526	0.0679505375175	
0.108698221554	0.448879419168	
0.8132449947	0.649276651004	
0.192792975377	0.673902349311	
0.178830831484	0.959444779069	
0.804199521679	0.672448001245	
0.445317080532	0.461920532856	
0.843114018991	0.147254982354	
0.244682718923	0.862010860389	
0.435760149236	0.416549898686	
0.303707400119	0.276250855335	
0.24460554546	0.921893227804	
0.366690151607	0.136238460162	
0.137044872898	0.196700752759	
0.92827200272	0.452297536841	
0.875541608095	0.703624516963	
0.915879520763	0.502172180009	
0.895041152884	0.279468784658	
0.408910266285	0.449528274347	
0.712949422673	0.270728774969	
0.376569897806	0.846252033684	
0.307223678412	0.753341980849	
0.625570872957	0.258040211615	
0.978215186074	0.105414537057	
0.296225952537	0.470113585294	
0.221816501824	0.7627444849	
0.318815355116	0.463007736334	
0.829794370862	0.397217633238	
0.792322911601	0.826886439892	
0.471473135064	0.274555030146	
0.704929945723	0.501059719462	
0.588264243071	0.744935237969	
0.709259548026	0.169893653125	
0.0355095689777	0.362032943261	
0.313643359604	0.520114019578	
0.560902954436	0.45895336246	
0.166805001037	0.650816026824	
0.819108213331	0.0166103264886	
0.391176704551	0.790496785393	
0.903608506895	0.383293325788	
0.836030561752	0.355006429535	
0.0512148150045	0.171497857767	
0.210122491269	0.619846908439	
0.238205619488	0.738284892118	
0.906865174398	0.010946091772	
0.154992245234	0.0371016924623	
0.0152106244522	0.830375194731	
0.783946657167	0.475432995457	
0.841408856202	0.299447900521	
0.484037236568	0.573308544049	
0.855165426301	0.84949025917	
0.841181064621	0.464583067718	
0.575662929813	0.290791714686	
0.355748677344	0.750735743422	
0.668274291805	0.790162805475	
0.516747784466	0.285632112694	
0.0916149682768	0.51980502833	
0.0800245730146	0.716600534254	
0.351313439325	0.625799034373	
0.0565012639542	0.569283746807	
0.871815524563	0.54687325298	
0.889931091431	0.24382872739	
0.314859067937	0.214726381684	
0.91711950378	0.515805954588	
0.913694246457	0.261059639702	
0.56237104813	0.218133240508	
0.77511459921	0.791371320694	
0.421661545756	0.0437966146089	
0.949740523413	0.91119295629	
0.251175598105	0.20409166622	
0.931088731926	0.020860903733	
0.721224335739	0.512583906105	
0.89687815425	0.345892710672	
0.852354173207	0.465139012856	
0.557902355992	0.916477128226	
0.856105932011	0.337690863726	
0.69723667987	0.318961858501	
0.0508840730586	0.134247161513	
0.259147695403	0.75655012619	
0.957266103238	0.464397905258	
0.89168470615	0.954444028807	
0.360292648043	0.578949198232	
0.24825422357	0.6573736791	
0.876423593948	0.174118736338	
0.172241913286	0.141578293525	
0.785567859292	0.328117144977	
0.033754304449	0.978922481329	
0.81791108834	0.23971993374	
0.685618951935	0.604117118014	
0.913935102868	0.959478297437	
0.0295799403779	0.964748154519	
0.0239848622217	0.619670533524	
0.374657336082	0.0689395512566	
0.540316457078	0.113041818339	
0.816864602274	0.262718884112	
0.148055098117	0.18059039217	
0.394261085735	0.771736818753	
0.914664198308	0.350759360514	
0.163277391284	0.961930221775	
0.239194955686	0.375199244272	
0.73287915307	0.0786929219335	
0.0169058802771	0.0164975667563	
0.526366239859	0.724054054424	
0.857848689669	0.128724287769	
0.283441111385	0.0746521938602	
0.37550262435	0.0805901479713	
0.938839188952	0.51230352017	
0.685172228838	0.993176276354	
0.609815049087	0.645728058056	
0.874209151937	0.783609449271	
0.0543377465716	0.618209249076	
0.611172007783	0.484397154351	
0.962645663571	0.142086840452	
0.0413366074256	0.965112071427	
0.750988052085	0.966909087563	
0.560295360362	0.679521947363	
0.781085197854	0.724962844236	
0.0903423416585	0.811032829172	
0.363277935969	0.790525436698	
0.145879668417	0.924505160226	
0.124170930316	0.949039437378	
0.945034166423	0.0653347576144	
0.357813732711	0.8517837326	
0.686784160828	0.0704350387314	
0.227554681444	0.653412675938	
0.871808459687	0.961477461438	
0.495177303253	0.295238517796	
0.311581458975	0.842181928098	
0.286434282613	0.535169998808	
0.294709192535	0.891072609874	
0.670348545463	0.17891997073	
0.695106502175	0.509326566972	
0.48987848847	0.3694335867	
0.67948857916	0.991415242843	
0.80719173676	0.930127427297	
0.768887777802	0.325662271431	
0.882012506673	0.107947548727	
0.46482129154	0.345464627491	
0.52430858294	0.611164528261	
0.469143585562	0.132740732335	
0.929084498057	0.0235474821911	
0.255891007732	0.709622788815	
0.191576481378	0.454129728622	
0.27906459806	0.443248128116	
0.812408936333	0.81362960309	
0.410487651999	0.531545863373	
0.543703683241	0.71874049735	
0.279553977791	0.0881022547657	
0.394372954249	0.49683353375	
0.627999195934	0.26581473465	
0.00948574037182	0.541128138263	
0.764200937819	0.454288318277	
0.870219302014	0.270555401698	
0.59298674134	0.7671687245	
0.502549924311	0.455318942884	
0.86517653247	0.58516792674	
0.739952947035	0.998681803338	
0.599006707044	0.977904028039	
0.695538191963	0.535918358989	
0.0997503599301	0.169233036036	
0.743925974518	0.839114253239	
0.378986173363	0.796367589118	
0.219751481232	0.0182772244321	
0.699114037239	0.899984960273	
0.343247858242	0.403943334478	
0.237321081184	0.340884412454	
0.154981612601	0.885475342832	
0.257934935521	0.677024343356	
0.902568598304	0.492851962893	
0.75260009575	0.605954284244	
0.175607401015	0.592448429705	
0.214562809357	0.582039885301	
0.397348348696	0.68503537334	
0.367392688052	0.331273858738	
0.738571937773	0.522059096744	
0.544505826204	0.156260890288	
0.28349324092	0.910096587138	
0.187725760431	0.818805584915	
0.357282288886	0.556509412111	
0.918884289779	0.790738317562	
0.12656462237	0.289002864367	
0.297238362165	0.121531724791	
0.52842538739	0.715090172079	
0.268316075205	0.113945997032	
0.432040088548	0.833415613532	
0.766092481893	0.0263998849373	
0.678061783855	0.599745093997	
0.272458476708	0.671872623765	
0.648844622572	0.767659851027	
0.858288024704	0.0495165278087	
0.23538828507	0.107448120195	
0.978183023559	0.694657207929	
0.555133033876	0.379174770327	
0.388327105078	0.860707259073	
0.591990247416	0.528545274958	
0.342761848321	0.822547288893	
0.192488424604	0.619136705059	
0.31267420885	0.600392656605	
0.376999392349	0.0726324166049	
0.174300085727	0.915200235364	
0.169880964075	0.587590930036	
0.472205519046	0.866946593417	
0.953970882278	0.875191960328	
0.528796523596	0.781747345449	
0.351258628175	0.508700056694	
0.300619041586	0.866201495611	
0.503885885328	0.561814641904	
0.910014352701	0.973091795901	
0.0871348528103	0.244737137615	
0.38692888982	0.485731198656	
0.159560331269	0.0529587081713	
0.638452464037	0.568318810766	
0.265780889719	0.887545143742	
0.48899952357	0.234752190635	
0.832608184311	0.334974636359	
0.495720024338	0.285777246103	
0.451868891912	0.56763463199	
0.934645394363	0.660831145342	
0.697115823161	0.290295810984	
0.949489432928	0.749867746631	
0.0527638299426	0.575298599227	
0.0364701106109	0.894385518756	
0.318611331871	0.222411512779	
0.535826483193	0.593023637479	
0.000817661690517	0.638061304648	
0.150370941171	0.218196298525	
0.92522819369	0.240432932666	
0.671710200247	0.619944455498	
0.738526838657	0.0868439191387	
0.683070795201	0.117601315663	
0.704992935813	0.229728931241	
0.451366083882	0.487297737567	
0.778427922532	0.128571710959	
0.875075587718	0.802080402501	
0.379819089509	0.554828996137	
0.165072232878	0.449587844291	
0.565622676422	0.611602877531	
0.388636340515	0.093674631515	
0.0886904038015	0.191023092694	
0.891214269192	0.103617639336	
0.409374913677	0.554853233046	
0.050372177835	0.685243437806	
0.667003017512	0.986807184173	
0.513095676916	0.663543296961	
0.813062399209	0.933572144804	
0.404851811719	0.516824064825	
0.552451838628	0.724093589566	
0.843691191297	0.99619160788	
0.622795648545	0.0143442499648	
0.399680052147	0.434103089853	
0.537417416672	0.654360010859	
0.193291341239	0.795579237379	
0.142178171521	0.933711323863	
0.593632717834	0.201802506464	
0.519509613094	0.602530194119	
0.650167600034	0.401976736021	
0.0836860289844	0.735028019623	
0.791253797782	0.94132716278	
0.863166510694	0.446106814201	
0.769336712833	0.122778562824	
0.00991654348548	0.709740234727	
0.181058791834	0.919109458879	
0.281818692146	0.527367669743	
0.483638429282	0.128651401548	
0.942069038729	0.372316101719	
0.555183332801	0.100670121888	
0.231551517981	0.937196762372	
0.116628191155	0.115057437753	
0.468660390348	0.626214235533	
0.786333176036	0.915003419873	
0.77351692984	0.358545831958	
0.824599554627	0.640670053451	
0.485950190193	0.441216646768	
0.882673741338	0.246610680132	
0.39760510398	0.695681279661	
0.579697350991	0.879811354378	
0.515134619578	0.821744230504	
0.427105096464	0.12781823994	
0.953112027674	0.948964497233	
0.579539267583	0.659288266403	
0.835226811323	0.733877536937	
0.616880046748	0.326907986625	
0.592152533641	0.950532163458	
0.372375037879	0.0601150689023	
0.890521944432	0.460897035434	
0.882398095154	0.901798981331	
0.452375664835	0.678420734608	
0.635830231843	0.195117754306	
0.82915634575	0.593190657958	
0.258181661	0.441983501294	
0.409254498258	0.769756666517	
0.538724548004	0.181611244625	
0.0990150528767	0.376861889789	
0.0919905847174	0.696827307447	
0.943680317219	0.450657701161	
0.0354756059941	0.545058238589	
0.504448393782	0.408635301624	
0.890772476886	0.135660548947	
0.443127224323	0.189203382254	
0.218558816344	0.376760149354	
0.623195458447	0.127120238669	
0.977918715695	0.567677145506	
0.300672660783	0.37253342038	
0.399871704826	0.140857895232	
0.228856994569	0.456765261136	
0.978128135416	0.440438173032	
0.471256576068	0.381593248163	
0.692455685621	0.578787122532	
0.727155279877	0.134106127162	
0.997336672131	0.023378444971	
0.857032916559	0.577985492324	
0.586557045614	0.827102241406	
0.539660145766	0.876209745857	
0.0748722333441	0.837989600348	
0.386724444303	0.927187434689	
0.946588668949	0.874435115549	
0.0618045574937	0.511962094155	
0.164343576163	0.387462955659	
0.106594468749	0.810519689384	
0.614651188207	0.195328499738	
0.841215491835	0.285622203399	
0.280659236552	0.130986674785	
0.416485330793	0.544401325357	
0.977142798964	0.948092579791	
0.388030396918	0.40789844078	
0.224839255434	0.0175381729813	
0.679998372628	0.531050551192	
0.0502717075648	0.597581284581	
0.908152911174	0.993250485616	
0.0514999763562	0.208439892912	
0.454804353372	0.688727568422	
0.845072004881	0.53894703802	
0.661834709799	0.657616129608	
0.0298585225566	0.0178385717135	
0.351795330192	0.284127578997	
0.612447639073	0.433967699533	
0.787316001155	0.724024134864	
0.530031490711	0.846247149576	
0.637842958799	0.855511809777	
0.655931465136	0.353200171409	
0.596970115579	0.817151694499	
0.818358282813	0.889694491725	
0.44186876104	0.361720781107	
0.219274097839	0.0415382448264	
0.160044056285	0.668144640921	
0.496683349298	0.418089345981	
0.542269333455	0.49160111095	
0.23106568333	0.202792214419	
0.294931421817	0.251772710805	
0.0761817307548	0.438635815118	
0.917543880946	0.174222381854	
0.42746768087	0.158687948817	
0.00252430379354	0.119750195925	
0.703420685094	0.635713488404	
0.415645560655	0.242681217824	
0.533030603305	0.34271220811	
0.578343598985	0.754135636927	
0.389570634167	0.517770917519	
0.190074007173	0.5183266945	
0.720693991168	0.839286166683	
0.0566973644858	0.264797735006	
0.603153657468	0.482434108202	
0.568265931658	0.0395829503367	
0.947280614436	0.231373518934	
0.627846322823	0.97944030956	
0.312250190752	0.639977888891	
0.406380458848	0.455409756134	
0.366023781417	0.856153166793	
0.209539674614	0.112386993034	
0.949911892781	0.457911538235	
0.482740707455	0.516411031724	
0.0283719767781	0.713145526759	
0.211289347804	0.518542173707	
0.984405392705	0.715473323752	
0.411401122581	0.866277372367	
0.264624470529	0.820853966464	
0.789514114585	0.163936706703	
0.432076365833	0.438272384442	
0.182102926382	0.268374549421	
0.242471819945	0.668182657114	
0.742615925314	0.495907663922	
0.890153220374	0.610520935018	
0.209192198273	0.675796298635	
0.830687143167	0.516105889645	
0.00172206048781	0.908703169483	
0.108355152778	0.66253225545	
0.450628143068	0.209171783773	
0.0395076734089	0.982300714659	
0.239218230998	0.128149026564	
0.435820066294	0.666611740269	
0.366827761936	0.0526447859675	
0.11821317883	0.150068395317	
0.287973404572	0.747815768558	
0.261025371084	0.0910796693605	
0.162797930399	0.672543824465	
0.929282311975	0.652373270534	
0.24547403527	0.138732904817	
0.416571862973	0.26223943662	
0.179715075307	0.798660591237	
0.0387169879261	0.642966009004	
0.108703640057	0.500616003785	
0.54921982955	0.553623249727	
0.34080614126	0.165963409608	
0.531534659542	0.66230180809	
0.805403783332	0.961545137749	
0.739112013809	0.778112485879	
0.995382763088	0.186017589829	
0.469580857934	0.823288047503	
0.585059580345	0.298867798342	
0.628771730951	0.518044918298	
0.15986460671	0.350794072595	
0.637784045988	0.954729516296	
0.6767542956	0.200261773688	
0.954831325536	0.732687249388	
0.680229121458	0.0838463933429	
0.0790693153436	0.728278043079	
0.143542646986	0.0459604906771	
0.740569394596	0.391406180144	
0.508479668199	0.738102062707	
0.538501675443	0.544932303491	
0.0683880275201	0.0891563024228	
0.697757981672	0.917657357315	
0.289729309115	0.415971381399	
0.913556993617	0.963751112828	
0.0140393217921	0.889925563741	
0.478762710275	0.566022261295	
0.318808345101	0.441070439625	
0.682247221329	0.999847382521	
0.849199548903	0.942738263682	
0.301768716965	0.130003503364	
0.482209315206	0.817126155496	
0.63377967339	0.608914381945	
0.592487072171	0.705653624142	
0.489739750971	0.366137134979	
0.547272765401	0.325374212082	
0.546933769574	0.384087822023	
0.18616632234	0.939575678036	
0.378693962746	0.816262493709	
0.940265787858	0.283986943025	
0.574898319033	0.354783976592	
0.930442973323	0.710172254853	
0.98197747903	0.29237063564	
0.0933646298023	0.109477839973	
0.690524733909	0.0875823706684	
0.0372013504829	0.372816064222	
0.0781903809509	0.759811295599	
0.891888216202	0.466766287379	
0.90116951603	0.978907226367	
0.716589808377	0.901104304643	
0.0117078839025	0.402283303225	
0.573965149575	0.605190873835	
0.24148755334	0.7254140848	
0.189339216876	0.132219763855	
0.724699615807	0.424371601952	
0.561175252747	0.279807966529	
0.603225627123	0.725326146909	
0.050891426858	0.262177562475	
0.389223715877	0.499007082251	
0.849450214581	0.047877137658	
0.383733456658	0.672906586	
0.161498858608	0.36769808567	
0.844909818114	0.473458736962	
0.746572895345	0.29993180834	
0.391333350139	0.860224097106	
0.437870569485	0.0177190757575	
0.67109445774	0.769631965633	
0.378638198765	0.350937538769	
0.476701097773	0.903027517225	
0.516071961	0.221229870848	
0.105374648644	0.385849886701	
0.0704511917478	0.2915788837	
0.995067961721	0.929448728508	
0.945615721182	0.708139740776	
0.620748871406	0.963243739533	
0.555273676797	0.0475921997244	
0.556518124691	0.38913885453	
0.0704899580315	0.711364296614	
0.597128123967	0.861057117003	
0.513915843099	0.835552729389	
0.267913432911	0.348904867107	
0.96993175947	0.494543216747	
0.197901379605	0.838483887107	
0.470894808951	0.583792260339	
0.0782174108072	0.625143695346	
0.680512068178	0.558289875798	
0.485220001976	0.804764947218	
0.264574494521	0.929499228899	
0.134778152151	0.328676885699	
0.922703901896	0.532443907998	
0.590509192611	0.105629067481	
0.440064793248	0.323628152966	
0.0530037976951	0.970423143743	
0.160859200184	0.969703222548	
0.606193495064	0.82682322612	
0.542200035387	0.599636088426	
0.394483246258	0.898309234942	
0.994848572225	0.155513332683	
0.338161239323	0.497371129928	
0.179665636803	0.553667325695	
0.405939661488	0.437963054121	
0.0924814098746	0.320709271093	
0.606092300725	0.430162571521	
0.0211268014586	0.91817061804	
0.777757029068	0.675500402271	
0.536204697495	0.973027735259	
0.302962786246	0.162259359714	
0.639376908063	0.942197928182	
